885
911
371
886
740
615
784
83
510
932
188
528
954
358
432
298
554
143
629
112
845
475
0
403
564
887
115
129
211
769
388
91
922
809
872
582
861
522
488
161
7
716
257
949
623
100
604
127
200
336
923
947
751
451
721
82
480
733
440
393
335
81
515
261
726
852
675
91
283
650
555
818
335
717
470
995
83
304
822
385
89
732
482
129
525
739
955
608
981
418
518
687
845
805
881
917
533
7
504
426
64
361
207
46
451
545
885
284
710
356
952
465
367
617
98
91
60
273
206
611
9
445
55
924
628
235
991
824
673
939
477
970
988
798
940
107
613
135
362
487
346
679
474